"Vascular.disorders"	"Cardiac.disorder.signs.and.symptoms"	"Cardiac.arrhythmias"	"Heart.failures"	"Coronary.artery.disorders"	"Pericardial.disorders"	"Myocardial.disorders"	"id"
"1"	0	0	0	0	0	0	0	"BRD-A00827783"
"2"	0	0	0	0	0	0	0	"BRD-A00827783"
"3"	0	1	1	0	0	0	0	"BRD-A01320529"
"4"	0	1	1	0	0	0	0	"BRD-A01320529"
"5"	0	1	1	0	0	0	0	"BRD-A01320529"
"6"	0	1	1	0	0	0	0	"BRD-A01320529"
"9"	0	0	0	0	0	0	0	"BRD-A02006392"
"10"	0	0	0	0	0	0	0	"BRD-A02006392"
"11"	0	0	0	0	0	0	0	"BRD-A02006392"
"12"	0	0	0	0	0	0	0	"BRD-A02006392"
"13"	1	1	1	1	1	0	0	"BRD-A02759312"
"14"	1	1	1	1	1	0	0	"BRD-A02759312"
"15"	0	0	0	0	0	0	0	"BRD-A03216249"
"16"	0	0	0	0	0	0	0	"BRD-A03216249"
"17"	0	1	1	1	1	0	0	"BRD-A03623303"
"18"	0	1	1	1	1	0	0	"BRD-A03623303"
"19"	0	1	1	1	1	0	0	"BRD-A03623303"
"20"	0	1	1	1	1	0	0	"BRD-A03623303"
"21"	0	0	0	0	0	0	0	"BRD-A04553218"
"22"	0	0	0	0	0	0	0	"BRD-A04553218"
"23"	0	0	0	0	0	0	0	"BRD-A04553218"
"24"	0	0	0	0	0	0	0	"BRD-A04553218"
"25"	1	1	1	0	1	0	0	"BRD-A05186015"
"26"	1	1	1	0	1	0	0	"BRD-A05186015"
"27"	1	1	1	0	1	0	0	"BRD-A05186015"
"28"	1	1	1	0	1	0	0	"BRD-A05186015"
"36"	1	1	0	1	1	0	0	"BRD-A07893380"
"37"	1	1	1	0	1	0	0	"BRD-A09056319"
"38"	1	1	1	0	1	0	0	"BRD-A09056319"
"39"	1	1	1	0	1	0	0	"BRD-A09056319"
"40"	1	1	1	0	1	0	0	"BRD-A09056319"
"63"	1	1	1	1	0	1	0	"BRD-A11990600"
"64"	1	1	1	1	0	1	0	"BRD-A11990600"
"65"	1	1	1	1	0	1	0	"BRD-A11990600"
"66"	1	1	1	1	0	1	0	"BRD-A11990600"
"67"	0	1	0	1	0	0	0	"BRD-A13084692"
"68"	0	1	0	1	0	0	0	"BRD-A13084692"
"69"	1	1	1	0	1	0	0	"BRD-A13188892"
"70"	1	1	1	0	1	0	0	"BRD-A13188892"
"71"	1	1	1	0	1	0	0	"BRD-A13188892"
"72"	0	0	0	0	0	0	0	"BRD-A13946108"
"73"	0	0	0	0	0	0	0	"BRD-A13946108"
"74"	0	0	0	0	0	0	0	"BRD-A13946108"
"75"	0	0	0	0	0	0	0	"BRD-A14395271"
"76"	0	0	0	0	0	0	0	"BRD-A14395271"
"77"	0	0	0	0	0	0	0	"BRD-A14395271"
"78"	0	0	0	0	0	0	0	"BRD-A14395271"
"79"	0	0	0	0	0	0	0	"BRD-A16311756"
"80"	0	0	0	0	0	0	0	"BRD-A16311756"
"81"	0	0	0	0	0	0	0	"BRD-A16311756"
"82"	0	0	0	0	0	0	0	"BRD-A16311756"
"83"	1	1	1	0	1	0	0	"BRD-A16332958"
"84"	1	1	1	0	1	0	0	"BRD-A16332958"
"85"	0	0	0	0	0	0	0	"BRD-A17462676"
"86"	0	0	0	0	0	0	0	"BRD-A17462676"
"87"	0	1	0	0	0	0	0	"BRD-A17655518"
"88"	0	1	0	0	0	0	0	"BRD-A17655518"
"89"	0	0	0	0	0	0	0	"BRD-A19195498"
"90"	0	0	0	0	0	0	0	"BRD-A19195498"
"91"	0	0	0	0	0	0	0	"BRD-A19195498"
"92"	0	0	1	0	0	0	0	"BRD-A19661776"
"93"	0	0	1	0	0	0	0	"BRD-A19661776"
"94"	0	0	1	0	0	0	0	"BRD-A19661776"
"95"	0	0	1	0	0	0	0	"BRD-A19661776"
"100"	0	1	1	1	1	0	1	"BRD-A20239487"
"101"	0	1	1	1	1	0	1	"BRD-A20239487"
"102"	0	1	1	1	1	0	1	"BRD-A20239487"
"103"	0	1	0	1	1	0	0	"BRD-A22032524"
"104"	0	1	0	1	1	0	0	"BRD-A22032524"
"117"	0	1	0	0	1	0	0	"BRD-A22380646"
"118"	0	1	0	0	1	0	0	"BRD-A22380646"
"119"	0	1	0	0	1	0	0	"BRD-A22380646"
"120"	0	1	0	0	1	0	0	"BRD-A22380646"
"121"	0	0	0	0	0	0	0	"BRD-A23072235"
"122"	0	0	0	0	0	0	0	"BRD-A23072235"
"123"	1	1	1	1	0	0	0	"BRD-A24228527"
"124"	1	1	1	1	0	0	0	"BRD-A24228527"
"125"	1	1	1	1	0	0	0	"BRD-A24228527"
"126"	0	0	0	0	0	0	0	"BRD-A25234499"
"127"	0	0	0	0	0	0	0	"BRD-A25234499"
"128"	0	0	0	0	0	0	0	"BRD-A25234499"
"129"	0	0	0	0	0	0	0	"BRD-A25234499"
"130"	1	1	1	1	1	0	0	"BRD-A26334849"
"131"	1	1	1	1	1	0	0	"BRD-A26334849"
"132"	0	1	1	1	0	0	0	"BRD-A26384407"
"133"	0	1	1	1	0	0	0	"BRD-A26384407"
"134"	0	1	1	1	0	0	0	"BRD-A26384407"
"135"	0	1	1	1	0	0	0	"BRD-A26384407"
"136"	0	0	0	0	0	0	0	"BRD-A26711594"
"137"	0	0	0	0	0	0	0	"BRD-A26711594"
"138"	0	0	0	0	0	0	0	"BRD-A28856712"
"139"	0	0	0	0	0	0	0	"BRD-A28856712"
"143"	0	0	0	0	0	0	0	"BRD-A29426959"
"144"	0	0	0	0	0	0	0	"BRD-A29426959"
"145"	0	0	0	0	0	0	0	"BRD-A29734509"
"146"	0	0	0	0	0	0	0	"BRD-A29734509"
"147"	0	0	0	0	0	0	0	"BRD-A29734509"
"148"	0	0	0	0	0	0	0	"BRD-A29734509"
"149"	0	0	0	0	0	0	0	"BRD-A30815329"
"150"	0	0	0	0	0	0	0	"BRD-A30815329"
"151"	1	1	1	1	1	0	0	"BRD-A31159102"
"152"	1	1	1	1	1	0	0	"BRD-A31159102"
"153"	0	0	0	0	0	0	0	"BRD-A31521121"
"154"	0	0	0	0	0	0	0	"BRD-A31521121"
"155"	0	0	0	0	0	0	0	"BRD-A31521121"
"156"	0	0	0	0	0	0	0	"BRD-A31521121"
"157"	0	0	0	0	0	0	0	"BRD-A31800922"
"158"	0	0	0	0	0	0	0	"BRD-A31800922"
"159"	0	0	0	0	0	0	0	"BRD-A31800922"
"160"	0	1	1	1	1	0	0	"BRD-A33168282"
"161"	0	1	1	1	1	0	0	"BRD-A33168282"
"166"	0	1	0	0	0	0	0	"BRD-A34299591"
"167"	0	1	0	0	0	0	0	"BRD-A34299591"
"168"	0	0	0	0	0	0	0	"BRD-A34309505"
"169"	0	0	0	0	0	0	0	"BRD-A36217750"
"170"	0	0	0	0	0	0	0	"BRD-A36217750"
"173"	1	1	1	0	1	0	0	"BRD-A40639672"
"174"	1	1	1	0	1	0	0	"BRD-A40639672"
"175"	0	0	0	0	0	0	0	"BRD-A41304429"
"176"	0	0	0	0	0	0	0	"BRD-A42167015"
"177"	0	0	0	0	0	0	0	"BRD-A42167015"
"178"	0	1	1	0	0	0	0	"BRD-A42571354"
"179"	0	1	1	0	0	0	0	"BRD-A42571354"
"180"	0	1	1	0	0	0	0	"BRD-A42571354"
"181"	0	1	1	0	0	0	0	"BRD-A42571354"
"186"	0	0	0	0	0	0	0	"BRD-A44008656"
"187"	0	0	0	0	0	0	0	"BRD-A44008656"
"188"	0	0	0	0	0	0	0	"BRD-A44008656"
"189"	0	0	0	0	0	0	0	"BRD-A44008656"
"190"	0	0	0	0	0	0	0	"BRD-A44448661"
"191"	0	0	0	0	0	0	0	"BRD-A44448661"
"192"	0	0	0	0	0	0	0	"BRD-A44448661"
"193"	0	0	0	0	0	0	0	"BRD-A44448661"
"194"	0	0	0	0	0	0	0	"BRD-A45889380"
"195"	0	0	0	0	0	0	0	"BRD-A45889380"
"196"	0	0	0	0	0	0	0	"BRD-A45889380"
"197"	0	0	0	0	0	0	0	"BRD-A45889380"
"198"	0	0	0	0	0	0	0	"BRD-A45889380"
"199"	0	0	0	0	0	0	0	"BRD-A45889380"
"200"	0	0	0	0	0	0	0	"BRD-A45889380"
"201"	0	0	0	0	0	0	0	"BRD-A45889380"
"202"	0	0	0	0	0	0	0	"BRD-A45889380"
"203"	0	0	0	0	0	0	0	"BRD-A45889380"
"204"	0	0	0	0	0	0	0	"BRD-A45889380"
"205"	0	0	0	0	0	0	0	"BRD-A45889380"
"206"	0	0	0	0	0	0	0	"BRD-A45889380"
"207"	0	0	0	0	0	0	0	"BRD-A45889380"
"208"	0	0	0	0	0	0	0	"BRD-A45889380"
"209"	0	0	0	0	0	0	0	"BRD-A45889380"
"210"	0	0	0	0	0	0	0	"BRD-A45889380"
"211"	0	0	0	0	0	0	0	"BRD-A45889380"
"212"	0	0	0	0	0	0	0	"BRD-A45889380"
"213"	0	0	0	0	0	0	0	"BRD-A45889380"
"214"	0	0	0	0	0	0	0	"BRD-A45889380"
"215"	0	0	0	0	0	0	0	"BRD-A45889380"
"216"	0	0	0	0	0	0	0	"BRD-A45889380"
"217"	0	0	0	0	0	0	0	"BRD-A45889380"
"218"	0	0	0	0	0	0	0	"BRD-A45889380"
"219"	0	0	0	0	0	0	0	"BRD-A45889380"
"220"	0	0	0	0	0	0	0	"BRD-A45889380"
"221"	0	0	0	0	0	0	0	"BRD-A45889380"
"222"	0	0	0	0	0	0	0	"BRD-A45889380"
"223"	0	0	0	0	0	0	0	"BRD-A45889380"
"224"	0	0	0	0	0	0	0	"BRD-A45889380"
"225"	0	0	0	0	0	0	0	"BRD-A45889380"
"226"	0	0	0	0	0	0	0	"BRD-A45889380"
"227"	0	0	0	0	0	0	0	"BRD-A45889380"
"228"	0	0	0	0	0	0	0	"BRD-A45889380"
"229"	0	0	0	0	0	0	0	"BRD-A45889380"
"234"	0	0	0	0	0	0	0	"BRD-A47494775"
"235"	0	0	0	0	0	0	0	"BRD-A47494775"
"236"	0	0	0	0	0	0	0	"BRD-A47494775"
"237"	0	0	0	0	0	0	0	"BRD-A47494775"
"242"	0	1	0	1	1	0	0	"BRD-A48430263"
"243"	0	1	0	1	1	0	0	"BRD-A48430263"
"244"	0	1	0	0	0	0	0	"BRD-A49172652"
"245"	0	1	0	0	0	0	0	"BRD-A49172652"
"246"	0	1	1	0	1	0	0	"BRD-A50157456"
"247"	0	1	1	0	1	0	0	"BRD-A50157456"
"248"	0	1	1	0	1	0	0	"BRD-A50157456"
"249"	0	0	0	0	0	0	0	"BRD-A50311610"
"250"	0	0	0	0	0	0	0	"BRD-A50311610"
"251"	0	0	0	0	0	0	0	"BRD-A50684349"
"252"	0	0	0	0	0	0	0	"BRD-A50684349"
"253"	0	0	0	0	0	0	0	"BRD-A50684349"
"254"	0	0	0	0	0	0	0	"BRD-A50684349"
"255"	1	1	1	1	1	0	0	"BRD-A51714012"
"256"	1	1	1	1	1	0	0	"BRD-A51714012"
"257"	1	1	1	1	1	0	0	"BRD-A51714012"
"258"	0	0	0	0	0	0	0	"BRD-A51820102"
"259"	0	0	0	0	0	0	0	"BRD-A51820102"
"260"	0	0	0	0	0	0	0	"BRD-A53077924"
"261"	0	0	0	0	0	0	0	"BRD-A53077924"
"262"	0	0	0	0	0	0	0	"BRD-A53576514"
"263"	0	0	0	0	0	0	0	"BRD-A53576514"
"264"	0	0	0	0	0	0	0	"BRD-A53576514"
"265"	0	0	0	0	0	0	0	"BRD-A53576514"
"269"	0	1	1	0	1	0	0	"BRD-A55962179"
"270"	0	1	1	0	1	0	0	"BRD-A55962179"
"271"	0	1	1	0	1	0	0	"BRD-A55962179"
"272"	0	1	1	0	1	0	0	"BRD-A55962179"
"273"	0	1	1	0	0	0	0	"BRD-A58048407"
"274"	0	1	1	0	0	0	0	"BRD-A58048407"
"277"	1	1	1	0	0	0	0	"BRD-A60197193"
"278"	1	1	1	0	0	0	0	"BRD-A60197193"
"279"	0	1	0	0	1	0	0	"BRD-A61793559"
"280"	0	1	0	0	1	0	0	"BRD-A61793559"
"281"	0	1	0	0	1	0	0	"BRD-A61793559"
"282"	0	1	0	0	1	0	0	"BRD-A61793559"
"283"	0	1	1	0	1	0	0	"BRD-A64092382"
"284"	0	1	1	0	1	0	0	"BRD-A64092382"
"292"	0	0	0	0	0	0	0	"BRD-A65280694"
"293"	0	0	0	0	0	0	0	"BRD-A65280694"
"294"	0	0	0	0	0	0	0	"BRD-A65280694"
"295"	0	0	0	0	0	0	0	"BRD-A65280694"
"296"	0	1	1	0	0	0	0	"BRD-A65671304"
"297"	0	1	1	0	0	0	0	"BRD-A65671304"
"298"	0	0	0	0	0	0	0	"BRD-A68723818"
"299"	0	0	0	0	0	0	0	"BRD-A68723818"
"300"	0	1	1	0	1	0	0	"BRD-A68888262"
"301"	0	1	1	0	1	0	0	"BRD-A68888262"
"302"	0	1	1	0	1	0	0	"BRD-A68888262"
"303"	0	1	1	0	1	0	0	"BRD-A68888262"
"304"	0	1	0	0	0	0	0	"BRD-A72988804"
"305"	0	1	0	0	1	0	0	"BRD-A73368467"
"306"	0	1	0	0	1	0	0	"BRD-A73368467"
"319"	0	0	0	0	0	0	0	"BRD-A75726477"
"320"	0	0	0	0	0	0	0	"BRD-A75726477"
"321"	0	0	0	0	0	0	0	"BRD-A76019558"
"322"	0	0	0	0	0	0	0	"BRD-A76019558"
"323"	0	0	0	0	0	0	0	"BRD-A76019558"
"324"	0	0	0	0	0	0	0	"BRD-A77291778"
"325"	0	0	0	0	0	0	0	"BRD-A77291778"
"326"	0	0	0	0	0	0	0	"BRD-A77291778"
"327"	0	0	0	0	0	0	0	"BRD-A77291778"
"328"	0	0	0	0	0	0	0	"BRD-A78322124"
"329"	0	0	0	0	0	0	0	"BRD-A78322124"
"330"	0	0	0	0	0	0	0	"BRD-A78322124"
"331"	0	0	0	0	0	0	0	"BRD-A78322124"
"332"	0	0	0	0	0	0	0	"BRD-A79672927"
"333"	0	0	0	0	0	0	0	"BRD-A79672927"
"334"	0	0	0	0	0	0	0	"BRD-A79672927"
"335"	0	0	0	0	0	0	0	"BRD-A79672927"
"336"	0	0	1	0	0	0	0	"BRD-A79981887"
"337"	0	0	1	0	0	0	0	"BRD-A79981887"
"338"	0	0	0	0	0	0	0	"BRD-A80017228"
"339"	0	0	0	0	0	0	0	"BRD-A80017228"
"342"	0	1	0	0	1	0	0	"BRD-A84465106"
"343"	0	1	0	0	1	0	0	"BRD-A84465106"
"344"	0	0	0	0	0	0	0	"BRD-A86044036"
"345"	0	0	0	0	0	0	0	"BRD-A86044036"
"346"	0	0	0	0	0	0	0	"BRD-A86044036"
"347"	0	0	0	0	0	0	0	"BRD-A86044036"
"350"	0	1	1	0	1	0	0	"BRD-A88254928"
"351"	0	1	1	0	1	0	0	"BRD-A88254928"
"356"	0	1	1	1	1	0	0	"BRD-A91008255"
"357"	0	1	1	1	1	0	0	"BRD-A91008255"
"358"	0	0	0	0	0	0	0	"BRD-A91699651"
"359"	0	0	0	0	0	0	0	"BRD-A91699651"
"360"	0	0	0	0	0	0	0	"BRD-A91699651"
"361"	0	0	0	0	0	0	0	"BRD-A91699651"
"362"	0	0	0	0	0	0	0	"BRD-A91699651"
"363"	0	0	0	0	0	0	0	"BRD-A91699651"
"364"	0	0	0	0	0	0	0	"BRD-A91699651"
"365"	0	0	0	0	0	0	0	"BRD-A91699651"
"366"	0	0	0	0	0	0	0	"BRD-A91699651"
"367"	0	0	0	0	0	0	0	"BRD-A91699651"
"368"	0	0	0	0	0	0	0	"BRD-A91699651"
"369"	0	0	0	0	0	0	0	"BRD-A91699651"
"370"	0	0	0	0	0	0	0	"BRD-A91699651"
"371"	0	0	0	0	0	0	0	"BRD-A91699651"
"372"	0	0	0	0	0	0	0	"BRD-A91699651"
"373"	0	0	0	0	0	0	0	"BRD-A91699651"
"374"	0	0	0	0	0	0	0	"BRD-A91699651"
"375"	0	0	0	0	0	0	0	"BRD-A91699651"
"376"	0	0	0	0	0	0	0	"BRD-A91699651"
"377"	0	0	0	0	0	0	0	"BRD-A91699651"
"378"	0	0	0	0	0	0	0	"BRD-A91699651"
"379"	0	0	0	0	0	0	0	"BRD-A91699651"
"380"	0	0	0	0	0	0	0	"BRD-A91699651"
"381"	0	0	0	0	0	0	0	"BRD-A91699651"
"382"	0	0	0	0	0	0	0	"BRD-A91699651"
"383"	0	0	0	0	0	0	0	"BRD-A91699651"
"384"	0	0	0	0	0	0	0	"BRD-A91699651"
"385"	0	0	0	0	0	0	0	"BRD-A91699651"
"386"	0	0	0	0	0	0	0	"BRD-A91699651"
"387"	0	0	0	0	0	0	0	"BRD-A91699651"
"388"	0	0	0	0	0	0	0	"BRD-A91699651"
"389"	0	0	0	0	0	0	0	"BRD-A91699651"
"390"	0	0	0	0	0	0	0	"BRD-A91699651"
"391"	0	0	0	0	0	0	0	"BRD-A91699651"
"392"	0	0	0	0	0	0	0	"BRD-A91699651"
"393"	0	0	0	0	0	0	0	"BRD-A91699651"
"404"	0	0	0	0	0	0	0	"BRD-A97104540"
"405"	0	0	0	0	0	0	0	"BRD-A97104540"
"406"	0	0	0	0	0	0	0	"BRD-A97437073"
"407"	0	0	0	0	0	0	0	"BRD-A97437073"
"408"	0	0	0	0	0	0	0	"BRD-A97437073"
"409"	0	0	0	0	0	0	0	"BRD-A97437073"
"410"	0	0	0	0	0	0	0	"BRD-A97437073"
"411"	0	1	0	0	0	0	0	"BRD-A97674275"
"412"	0	1	0	0	0	0	0	"BRD-A97674275"
"413"	0	0	1	0	1	0	0	"BRD-A97739905"
"414"	0	0	1	0	1	0	0	"BRD-A97739905"
"415"	0	0	0	0	0	0	0	"BRD-A99633051"
"416"	0	0	0	0	0	0	0	"BRD-A99633051"
"417"	0	0	0	0	0	0	0	"BRD-K00603606"
"418"	0	0	0	0	0	0	0	"BRD-K00603606"
"419"	0	0	0	0	0	0	0	"BRD-K00603606"
"420"	0	0	0	0	0	0	0	"BRD-K00603606"
"421"	0	0	0	0	0	0	0	"BRD-K00673382"
"422"	0	0	0	0	0	0	0	"BRD-K00673382"
"423"	0	0	0	0	0	0	0	"BRD-K00824317"
"424"	0	0	0	0	0	0	0	"BRD-K00824317"
"425"	0	0	0	0	0	0	0	"BRD-K00824317"
"426"	0	0	0	0	0	0	0	"BRD-K00824317"
"434"	0	0	0	0	0	0	0	"BRD-K02113016"
"435"	0	0	0	0	0	0	0	"BRD-K02113016"
"436"	0	0	0	0	0	0	0	"BRD-K02113016"
"437"	0	0	0	0	0	0	0	"BRD-K02113016"
"438"	0	0	0	0	0	0	0	"BRD-K02113016"
"439"	0	0	0	0	0	0	0	"BRD-K02113016"
"440"	0	0	0	0	0	0	0	"BRD-K02113016"
"441"	0	0	0	0	0	0	0	"BRD-K02113016"
"442"	0	0	0	0	0	0	0	"BRD-K02113016"
"443"	0	0	0	0	0	0	0	"BRD-K02113016"
"444"	0	0	0	0	0	0	0	"BRD-K02113016"
"445"	0	0	0	0	0	0	0	"BRD-K02113016"
"446"	0	0	0	0	0	0	0	"BRD-K02130563"
"447"	0	0	0	0	0	0	0	"BRD-K02130563"
"448"	0	0	0	0	0	0	0	"BRD-K02130563"
"449"	0	0	0	0	0	0	0	"BRD-K02130563"
"450"	0	0	0	0	0	0	0	"BRD-K02130563"
"451"	0	0	0	0	0	0	0	"BRD-K02130563"
"452"	0	0	0	0	0	0	0	"BRD-K02130563"
"453"	0	0	0	0	0	0	0	"BRD-K02130563"
"454"	0	0	0	0	0	0	0	"BRD-K02130563"
"455"	0	0	0	0	0	0	0	"BRD-K02130563"
"456"	0	0	0	0	0	0	0	"BRD-K02130563"
"457"	0	0	0	0	0	0	0	"BRD-K02130563"
"458"	0	0	0	0	0	0	0	"BRD-K02130563"
"459"	0	0	0	0	0	0	0	"BRD-K02130563"
"460"	0	0	0	0	0	0	0	"BRD-K02130563"
"461"	0	0	0	0	0	0	0	"BRD-K02130563"
"462"	0	0	0	0	0	0	0	"BRD-K02130563"
"463"	0	0	0	0	0	0	0	"BRD-K02130563"
"464"	0	0	0	0	0	0	0	"BRD-K02130563"
"465"	0	0	0	0	0	0	0	"BRD-K02130563"
"466"	0	0	0	0	0	0	0	"BRD-K02130563"
"467"	0	0	0	0	0	0	0	"BRD-K02130563"
"468"	0	0	0	0	0	0	0	"BRD-K02130563"
"469"	0	0	0	0	0	0	0	"BRD-K02130563"
"470"	0	0	0	0	0	0	0	"BRD-K02130563"
"475"	1	1	0	1	0	0	0	"BRD-K02404261"
"476"	1	1	0	1	0	0	0	"BRD-K02404261"
"481"	0	0	0	0	0	0	0	"BRD-K02867583"
"482"	0	0	0	0	0	0	0	"BRD-K02867583"
"483"	0	0	0	0	0	0	0	"BRD-K02867583"
"484"	0	0	0	0	0	0	0	"BRD-K02867583"
"485"	0	0	0	0	0	0	0	"BRD-K04046242"
"486"	0	0	0	0	0	0	0	"BRD-K04046242"
"487"	0	0	0	0	0	0	0	"BRD-K04046242"
"488"	0	0	0	0	0	0	0	"BRD-K04046242"
"489"	0	0	0	0	0	0	0	"BRD-K04046242"
"490"	0	0	0	0	0	0	0	"BRD-K04046242"
"491"	0	0	0	0	0	0	0	"BRD-K04046242"
"492"	0	0	0	0	0	0	0	"BRD-K04046242"
"493"	0	0	0	0	0	0	0	"BRD-K04046242"
"494"	0	0	0	0	0	0	0	"BRD-K04046242"
"495"	0	0	0	0	0	0	0	"BRD-K04046242"
"496"	0	0	0	0	0	0	0	"BRD-K04046242"
"497"	0	0	0	0	0	0	0	"BRD-K04046242"
"498"	0	0	0	0	0	0	0	"BRD-K04046242"
"503"	1	1	1	0	1	0	0	"BRD-K04804440"
"504"	1	1	1	0	1	0	0	"BRD-K04804440"
"505"	0	1	0	0	0	0	0	"BRD-K05395900"
"506"	0	1	0	0	0	0	0	"BRD-K05395900"
"517"	0	0	0	0	0	0	0	"BRD-K08252256"
"518"	0	0	0	0	0	0	0	"BRD-K08252256"
"519"	0	0	0	0	0	0	0	"BRD-K08252256"
"520"	0	0	0	0	0	0	0	"BRD-K08252256"
"526"	0	0	0	0	0	0	0	"BRD-K08619574"
"527"	0	0	0	0	0	0	0	"BRD-K08619574"
"528"	0	1	1	1	1	0	0	"BRD-K08806317"
"529"	0	1	1	1	1	0	0	"BRD-K08806317"
"530"	0	1	1	1	1	0	0	"BRD-K08806317"
"531"	0	1	1	1	1	0	0	"BRD-K08806317"
"532"	0	1	0	0	0	0	0	"BRD-K09416995"
"533"	0	1	0	0	0	0	0	"BRD-K09416995"
"534"	1	1	1	0	0	0	0	"BRD-K09471561"
"535"	1	1	1	0	0	0	0	"BRD-K09471561"
"536"	1	1	1	0	0	0	0	"BRD-K09471561"
"537"	1	1	1	0	0	0	0	"BRD-K09471561"
"538"	0	0	0	0	0	0	0	"BRD-K09859624"
"539"	0	0	0	0	0	0	0	"BRD-K09859624"
"544"	0	0	0	0	0	0	0	"BRD-K10799896"
"545"	0	0	0	0	0	0	0	"BRD-K10799896"
"546"	0	0	0	0	0	0	0	"BRD-K10799896"
"547"	1	1	1	1	1	1	0	"BRD-K10852020"
"548"	1	1	1	1	1	1	0	"BRD-K10852020"
"549"	1	1	1	1	1	1	0	"BRD-K10852020"
"550"	0	1	1	0	1	0	0	"BRD-K11129031"
"551"	0	1	1	0	1	0	0	"BRD-K11129031"
"558"	0	1	0	0	0	0	0	"BRD-K12343256"
"559"	0	1	0	0	0	0	0	"BRD-K12343256"
"560"	0	1	0	0	0	0	0	"BRD-K12343256"
"561"	0	1	0	0	0	0	0	"BRD-K12343256"
"562"	0	1	0	0	0	0	0	"BRD-K12343256"
"563"	0	1	0	0	0	0	0	"BRD-K12343256"
"564"	0	1	0	0	0	0	0	"BRD-K12343256"
"565"	0	1	0	0	0	0	0	"BRD-K12343256"
"566"	0	1	0	0	0	0	0	"BRD-K12994359"
"567"	0	1	0	0	0	0	0	"BRD-K12994359"
"568"	0	1	0	0	0	0	0	"BRD-K12994359"
"569"	0	1	0	0	0	0	0	"BRD-K12994359"
"570"	0	1	0	0	0	0	0	"BRD-K12994359"
"571"	0	1	0	0	0	0	0	"BRD-K12994359"
"572"	0	1	0	0	0	0	0	"BRD-K12994359"
"573"	0	1	0	0	0	0	0	"BRD-K12994359"
"578"	0	0	0	0	0	0	0	"BRD-K13800121"
"579"	0	0	0	0	0	0	0	"BRD-K13800121"
"580"	0	0	0	0	0	0	0	"BRD-K13800121"
"581"	0	0	0	0	0	0	0	"BRD-K13800121"
"582"	0	1	0	0	0	0	0	"BRD-K13926615"
"583"	0	1	0	0	0	0	0	"BRD-K13926615"
"584"	0	1	0	0	0	0	0	"BRD-K13926615"
"585"	0	1	0	0	0	0	0	"BRD-K13926615"
"588"	0	0	0	0	0	0	0	"BRD-K14965640"
"589"	0	0	0	0	0	0	0	"BRD-K14965640"
"590"	0	0	0	0	0	0	0	"BRD-K14965640"
"591"	0	0	0	0	0	0	0	"BRD-K14965640"
"592"	0	0	0	0	0	0	0	"BRD-K15010214"
"593"	0	0	0	0	0	0	0	"BRD-K15010214"
"594"	0	0	0	0	0	0	0	"BRD-K15567136"
"595"	0	0	0	0	0	0	0	"BRD-K15567136"
"596"	0	0	0	0	0	0	0	"BRD-K15567136"
"597"	0	0	0	0	0	0	0	"BRD-K15567136"
"600"	1	1	1	1	1	0	1	"BRD-K15933101"
"601"	1	1	1	1	1	0	1	"BRD-K15933101"
"602"	0	0	0	0	0	0	0	"BRD-K16195444"
"603"	0	0	0	0	0	0	0	"BRD-K16195444"
"604"	0	0	0	0	0	0	0	"BRD-K16195444"
"605"	0	0	0	0	0	0	0	"BRD-K16195444"
"606"	0	0	0	0	0	0	0	"BRD-K16444452"
"607"	0	0	0	0	0	0	0	"BRD-K16444452"
"608"	0	0	0	0	0	0	0	"BRD-K16444452"
"609"	0	0	0	0	0	0	0	"BRD-K16444452"
"614"	0	0	0	0	0	0	0	"BRD-K17016787"
"615"	0	0	0	0	0	0	0	"BRD-K17016787"
"616"	0	0	0	0	0	0	0	"BRD-K17016787"
"617"	0	0	0	0	0	0	0	"BRD-K17016787"
"618"	0	0	0	0	0	0	0	"BRD-K17016787"
"619"	0	0	0	0	0	0	0	"BRD-K17016787"
"620"	0	0	0	0	0	0	0	"BRD-K17016787"
"621"	0	0	0	0	0	0	0	"BRD-K17016787"
"622"	0	0	0	0	0	0	0	"BRD-K17016787"
"632"	0	0	0	0	0	0	0	"BRD-K18855837"
"633"	0	0	0	0	0	0	0	"BRD-K18855837"
"634"	0	1	1	0	1	0	0	"BRD-K18910433"
"635"	0	1	1	0	1	0	0	"BRD-K18910433"
"636"	0	1	1	0	1	0	0	"BRD-K18910433"
"637"	0	1	1	0	1	0	0	"BRD-K18910433"
"638"	0	1	1	0	1	0	0	"BRD-K18910433"
"639"	0	1	1	0	1	0	0	"BRD-K18910433"
"640"	0	1	1	0	1	0	0	"BRD-K18910433"
"641"	0	1	1	0	1	0	0	"BRD-K18910433"
"642"	0	1	1	0	1	0	0	"BRD-K18910433"
"643"	0	1	1	0	1	0	0	"BRD-K18910433"
"644"	0	1	1	0	1	0	0	"BRD-K18910433"
"645"	0	1	1	0	1	0	0	"BRD-K18910433"
"646"	0	1	1	0	1	0	0	"BRD-K18910433"
"647"	0	1	1	0	1	0	0	"BRD-K18910433"
"648"	0	1	1	0	1	0	0	"BRD-K18910433"
"649"	0	1	1	0	1	0	0	"BRD-K18910433"
"650"	0	1	1	0	1	0	0	"BRD-K18910433"
"651"	0	1	1	0	1	0	0	"BRD-K18910433"
"652"	0	1	1	0	1	0	0	"BRD-K18910433"
"653"	0	1	1	0	1	0	0	"BRD-K18910433"
"654"	0	1	1	0	1	0	0	"BRD-K18910433"
"655"	0	1	1	0	1	0	0	"BRD-K18910433"
"656"	0	1	1	0	1	0	0	"BRD-K18910433"
"657"	0	1	1	0	1	0	0	"BRD-K18910433"
"658"	0	1	1	0	1	0	0	"BRD-K18910433"
"659"	0	1	1	0	1	0	0	"BRD-K18910433"
"660"	0	1	1	0	1	0	0	"BRD-K18910433"
"661"	0	1	1	0	1	0	0	"BRD-K18910433"
"662"	0	1	1	0	1	0	0	"BRD-K18910433"
"663"	0	1	1	0	1	0	0	"BRD-K18910433"
"664"	0	1	1	0	1	0	0	"BRD-K18910433"
"665"	0	1	1	0	1	0	0	"BRD-K18910433"
"666"	0	1	1	0	1	0	0	"BRD-K18910433"
"667"	0	1	1	0	1	0	0	"BRD-K18910433"
"668"	0	1	1	0	1	0	0	"BRD-K18910433"
"669"	0	1	1	0	1	0	0	"BRD-K18910433"
"670"	0	1	1	0	1	0	0	"BRD-K18910433"
"671"	0	0	0	0	0	0	0	"BRD-K19352500"
"672"	0	0	0	0	0	0	0	"BRD-K19352500"
"678"	0	0	0	0	0	0	0	"BRD-K19507340"
"679"	0	0	0	0	0	0	0	"BRD-K19507340"
"680"	0	0	0	0	0	0	0	"BRD-K19507340"
"681"	0	0	0	0	0	0	0	"BRD-K19507340"
"682"	0	1	0	0	0	0	0	"BRD-K19687926"
"683"	0	1	0	0	0	0	0	"BRD-K19687926"
"684"	0	1	0	0	0	0	0	"BRD-K19687926"
"685"	0	1	0	0	0	0	0	"BRD-K19687926"
"686"	0	1	0	0	0	0	0	"BRD-K19687926"
"687"	0	1	0	0	0	0	0	"BRD-K19687926"
"688"	0	1	0	0	0	0	0	"BRD-K19687926"
"689"	0	1	0	0	0	0	0	"BRD-K19687926"
"694"	0	0	0	0	0	0	0	"BRD-K20141153"
"695"	0	0	0	0	0	0	0	"BRD-K20141153"
"696"	0	0	0	0	0	0	0	"BRD-K20141153"
"697"	0	0	0	0	0	0	0	"BRD-K20141153"
"704"	0	0	0	0	0	0	0	"BRD-K21450440"
"705"	0	0	0	0	0	0	0	"BRD-K21450440"
"706"	1	1	1	0	0	0	0	"BRD-K21680192"
"707"	1	1	1	0	0	0	0	"BRD-K21680192"
"708"	1	1	1	0	0	0	0	"BRD-K21680192"
"709"	1	1	1	0	0	0	0	"BRD-K21680192"
"710"	1	1	1	0	0	0	0	"BRD-K21680192"
"711"	1	1	1	0	0	0	0	"BRD-K21680192"
"712"	1	1	1	0	0	0	0	"BRD-K21680192"
"713"	1	1	1	0	0	0	0	"BRD-K21680192"
"714"	1	1	1	0	0	0	0	"BRD-K21680192"
"715"	1	1	1	0	0	0	0	"BRD-K21680192"
"716"	1	1	1	0	0	0	0	"BRD-K21680192"
"717"	1	1	1	0	0	0	0	"BRD-K21680192"
"718"	1	1	1	0	0	0	0	"BRD-K21680192"
"719"	1	1	1	0	0	0	0	"BRD-K21680192"
"720"	1	1	1	0	0	0	0	"BRD-K21680192"
"721"	1	1	1	0	0	0	0	"BRD-K21680192"
"722"	1	1	1	0	0	0	0	"BRD-K21680192"
"723"	0	1	0	0	0	0	0	"BRD-K21733600"
"724"	0	1	0	0	0	0	0	"BRD-K21733600"
"725"	0	1	0	0	0	0	0	"BRD-K21733600"
"726"	0	1	0	0	0	0	0	"BRD-K21733600"
"727"	0	1	0	0	1	0	0	"BRD-K22031190"
"728"	0	1	0	0	1	0	0	"BRD-K22031190"
"729"	0	1	0	0	1	0	0	"BRD-K22031190"
"730"	0	1	0	0	1	0	0	"BRD-K22031190"
"731"	0	1	1	0	0	0	0	"BRD-K22134346"
"732"	0	1	1	0	0	0	0	"BRD-K23478508"
"733"	0	1	1	0	0	0	0	"BRD-K23478508"
"734"	0	1	1	0	0	0	0	"BRD-K23478508"
"735"	0	1	1	0	0	0	0	"BRD-K23478508"
"736"	1	1	0	1	1	0	0	"BRD-K23566484"
"737"	1	1	0	1	1	0	0	"BRD-K23566484"
"738"	1	1	0	1	1	0	0	"BRD-K23984367"
"739"	1	1	0	1	1	0	0	"BRD-K23984367"
"740"	0	1	1	0	1	0	0	"BRD-K24023109"
"741"	0	1	1	0	1	0	0	"BRD-K24023109"
"742"	0	1	1	0	1	0	0	"BRD-K24023109"
"743"	0	1	1	0	1	0	0	"BRD-K24023109"
"744"	0	0	0	0	0	0	0	"BRD-K25394294"
"745"	0	0	0	0	0	0	0	"BRD-K25394294"
"746"	0	0	0	0	0	0	0	"BRD-K25394294"
"747"	0	0	0	0	0	0	0	"BRD-K25394294"
"748"	0	1	0	0	0	0	0	"BRD-K25433859"
"749"	0	1	0	0	0	0	0	"BRD-K25433859"
"750"	0	1	0	0	0	0	0	"BRD-K25433859"
"751"	0	0	0	0	0	0	0	"BRD-K25591257"
"752"	0	0	0	0	0	0	0	"BRD-K25591257"
"753"	0	0	0	0	0	0	0	"BRD-K25591257"
"754"	0	0	0	0	0	0	0	"BRD-K25591257"
"755"	1	0	0	0	0	0	0	"BRD-K26521938"
"756"	1	0	0	0	0	0	0	"BRD-K26521938"
"757"	1	0	0	0	0	0	0	"BRD-K26521938"
"758"	0	0	0	0	0	0	0	"BRD-K27316855"
"759"	0	0	0	0	0	0	0	"BRD-K27316855"
"760"	0	0	0	0	0	0	0	"BRD-K27316855"
"761"	0	0	0	0	0	0	0	"BRD-K27316855"
"762"	1	1	0	1	0	0	0	"BRD-K27721098"
"763"	1	1	0	1	0	0	0	"BRD-K27721098"
"764"	0	0	0	0	0	0	0	"BRD-K28143534"
"765"	0	0	0	0	0	0	0	"BRD-K28143534"
"766"	0	0	0	0	0	0	0	"BRD-K28143534"
"767"	0	0	0	0	0	0	0	"BRD-K28143534"
"768"	0	0	0	0	0	0	0	"BRD-K28183345"
"769"	0	0	0	0	0	0	0	"BRD-K28183345"
"770"	0	0	0	0	0	0	0	"BRD-K28307902"
"771"	0	0	0	0	0	0	0	"BRD-K28307902"
"772"	0	0	0	0	0	0	0	"BRD-K28307902"
"773"	0	0	0	0	0	0	0	"BRD-K28307902"
"774"	0	0	0	0	0	0	0	"BRD-K28307902"
"775"	0	0	0	0	0	0	0	"BRD-K28307902"
"776"	0	0	0	0	0	0	0	"BRD-K28307902"
"777"	0	0	0	0	0	0	0	"BRD-K28307902"
"778"	0	0	0	0	0	0	0	"BRD-K28307902"
"779"	0	0	0	0	0	0	0	"BRD-K28307902"
"780"	0	0	0	0	0	0	0	"BRD-K28307902"
"781"	0	0	0	0	0	0	0	"BRD-K28307902"
"782"	0	0	0	0	0	0	0	"BRD-K28307902"
"783"	0	0	0	0	0	0	0	"BRD-K28307902"
"784"	0	0	0	0	0	0	0	"BRD-K28307902"
"785"	0	0	0	0	0	0	0	"BRD-K28307902"
"786"	0	0	0	0	0	0	0	"BRD-K28936863"
"787"	0	0	0	0	0	0	0	"BRD-K28936863"
"788"	0	0	0	0	0	0	0	"BRD-K28936863"
"789"	0	0	0	0	0	0	0	"BRD-K28936863"
"794"	0	1	0	0	1	0	0	"BRD-K29905972"
"795"	0	1	0	0	1	0	0	"BRD-K29905972"
"796"	0	1	0	0	0	0	0	"BRD-K30020243"
"797"	0	1	0	0	0	0	0	"BRD-K30020243"
"798"	0	0	0	0	0	0	0	"BRD-K30240666"
"799"	0	0	0	0	0	0	0	"BRD-K30240666"
"800"	0	0	0	0	0	0	0	"BRD-K30240666"
"801"	0	0	0	0	0	0	0	"BRD-K30240666"
"806"	0	0	0	0	0	0	0	"BRD-K32164935"
"807"	0	0	0	0	0	0	0	"BRD-K32164935"
"808"	0	0	0	0	0	0	0	"BRD-K32164935"
"809"	0	0	0	0	0	0	0	"BRD-K32164935"
"810"	0	0	0	0	0	0	0	"BRD-K32164935"
"811"	0	0	0	0	0	0	0	"BRD-K32164935"
"812"	0	0	0	0	0	0	0	"BRD-K32247306"
"813"	0	0	0	0	0	0	0	"BRD-K32247306"
"814"	1	1	1	0	1	0	0	"BRD-K32398298"
"815"	1	1	1	0	1	0	0	"BRD-K32398298"
"816"	1	1	1	0	1	0	0	"BRD-K32398298"
"817"	1	1	1	0	1	0	0	"BRD-K32398298"
"826"	0	1	1	1	1	0	0	"BRD-K32830106"
"827"	0	1	1	1	1	0	0	"BRD-K32830106"
"828"	0	0	0	0	0	0	0	"BRD-K32977963"
"829"	0	0	0	0	0	0	0	"BRD-K32977963"
"830"	0	0	0	0	0	0	0	"BRD-K32977963"
"831"	0	0	0	0	0	0	0	"BRD-K32977963"
"832"	0	0	0	0	0	0	0	"BRD-K33106058"
"833"	0	0	0	0	0	0	0	"BRD-K33106058"
"834"	0	1	0	0	0	0	0	"BRD-K33211335"
"835"	0	1	0	0	0	0	0	"BRD-K33211335"
"836"	0	1	0	0	0	0	0	"BRD-K33211335"
"837"	0	0	0	0	0	0	0	"BRD-K34441861"
"838"	0	0	0	0	0	0	0	"BRD-K34441861"
"839"	0	0	1	0	1	0	0	"BRD-K34685430"
"840"	0	0	1	0	1	0	0	"BRD-K34685430"
"841"	0	0	0	0	0	0	0	"BRD-K35240538"
"842"	0	0	0	0	0	0	0	"BRD-K35240538"
"843"	0	0	0	0	0	0	0	"BRD-K35240538"
"844"	0	0	0	0	0	0	0	"BRD-K35240538"
"845"	1	0	0	0	0	0	0	"BRD-K35483542"
"846"	1	0	0	0	0	0	0	"BRD-K35483542"
"847"	1	0	0	0	0	0	0	"BRD-K35483542"
"848"	1	0	0	0	0	0	0	"BRD-K35483542"
"852"	0	0	0	0	0	0	0	"BRD-K36862742"
"853"	0	0	0	0	0	0	0	"BRD-K36862742"
"854"	0	0	0	0	0	0	0	"BRD-K36927236"
"855"	0	0	0	0	0	0	0	"BRD-K36927236"
"856"	1	1	0	0	0	0	0	"BRD-K37130656"
"857"	1	1	0	0	0	0	0	"BRD-K37130656"
"858"	0	0	0	0	0	0	0	"BRD-K37694030"
"859"	0	0	0	0	0	0	0	"BRD-K37694030"
"860"	0	0	0	0	0	0	0	"BRD-K37694030"
"861"	0	0	0	0	0	0	0	"BRD-K37694030"
"862"	1	1	1	1	1	0	0	"BRD-K37991163"
"863"	1	1	1	1	1	0	0	"BRD-K37991163"
"864"	0	1	0	0	0	0	0	"BRD-K38197229"
"865"	0	1	0	0	0	0	0	"BRD-K38197229"
"866"	0	1	0	0	0	0	0	"BRD-K38197229"
"867"	0	1	0	0	0	0	0	"BRD-K38197229"
"868"	0	1	1	0	0	0	0	"BRD-K38305202"
"869"	0	1	1	0	0	0	0	"BRD-K38305202"
"870"	0	1	1	0	0	0	0	"BRD-K38305202"
"871"	0	1	1	0	0	0	0	"BRD-K38305202"
"872"	0	1	1	1	0	0	0	"BRD-K38436528"
"873"	0	1	1	1	0	0	0	"BRD-K38436528"
"874"	0	0	0	0	0	0	0	"BRD-K38775274"
"875"	0	0	0	0	0	0	0	"BRD-K38775274"
"876"	0	0	0	0	0	0	0	"BRD-K39188321"
"877"	0	0	0	0	0	0	0	"BRD-K39188321"
"878"	0	0	0	0	0	0	0	"BRD-K39188321"
"879"	0	1	0	0	0	0	0	"BRD-K39915878"
"880"	0	1	0	0	0	0	0	"BRD-K39915878"
"881"	0	1	0	0	0	0	0	"BRD-K39915878"
"882"	0	1	0	0	0	0	0	"BRD-K39915878"
"883"	0	0	0	0	0	0	0	"BRD-K39965020"
"884"	0	0	0	0	0	0	0	"BRD-K39965020"
"885"	0	0	0	0	0	0	0	"BRD-K39965020"
"889"	0	0	0	0	0	0	0	"BRD-K41731458"
"890"	0	0	0	0	0	0	0	"BRD-K41731458"
"891"	0	0	0	0	0	0	0	"BRD-K41731458"
"892"	0	0	0	0	0	0	0	"BRD-K41731458"
"893"	0	0	0	0	0	0	0	"BRD-K42098891"
"894"	0	0	0	0	0	0	0	"BRD-K42098891"
"895"	0	0	0	0	0	0	0	"BRD-K42098891"
"896"	0	0	0	0	0	0	0	"BRD-K42098891"
"897"	0	1	0	0	0	0	0	"BRD-K42693031"
"898"	0	1	0	0	0	0	0	"BRD-K42693031"
"899"	0	1	0	0	0	0	0	"BRD-K42693031"
"900"	0	1	1	0	1	0	0	"BRD-K43389675"
"901"	0	1	1	0	1	0	0	"BRD-K43389675"
"902"	0	1	1	0	1	0	0	"BRD-K43389675"
"903"	0	1	1	0	1	0	0	"BRD-K43389675"
"912"	1	1	1	1	1	0	0	"BRD-K44876623"
"913"	1	1	1	1	1	0	0	"BRD-K44876623"
"914"	1	1	1	1	1	0	0	"BRD-K44876623"
"915"	0	1	0	1	0	0	0	"BRD-K45158365"
"916"	0	1	0	1	0	0	0	"BRD-K45158365"
"917"	0	1	0	1	0	0	0	"BRD-K45158365"
"918"	0	1	0	1	0	0	0	"BRD-K45158365"
"919"	0	0	0	0	0	0	0	"BRD-K45542189"
"920"	0	0	0	0	0	0	0	"BRD-K45542189"
"921"	0	1	0	0	0	0	0	"BRD-K46018455"
"922"	0	1	0	0	0	0	0	"BRD-K46018455"
"923"	0	0	0	0	0	0	0	"BRD-K46137903"
"924"	0	0	0	0	0	0	0	"BRD-K46137903"
"925"	0	0	0	0	0	0	0	"BRD-K46137903"
"926"	0	0	0	0	0	0	0	"BRD-K46137903"
"933"	0	0	0	0	0	0	0	"BRD-K46937689"
"934"	0	0	0	0	0	0	0	"BRD-K46937689"
"935"	0	0	0	0	0	0	0	"BRD-K46937689"
"936"	0	0	0	0	0	0	0	"BRD-K46937689"
"937"	0	0	0	0	0	0	0	"BRD-K47192521"
"938"	0	0	0	0	0	0	0	"BRD-K47192521"
"939"	0	0	0	0	0	0	0	"BRD-K47278471"
"940"	0	0	0	0	0	0	0	"BRD-K47278471"
"943"	0	0	0	0	0	0	0	"BRD-K47869605"
"944"	0	0	0	0	0	0	0	"BRD-K47869605"
"945"	0	0	0	0	0	0	0	"BRD-K47869605"
"946"	0	0	0	0	0	0	0	"BRD-K47869605"
"949"	0	1	1	1	1	0	0	"BRD-K48300629"
"950"	0	1	1	1	1	0	0	"BRD-K48300629"
"951"	0	0	0	0	0	0	0	"BRD-K49075727"
"952"	0	0	0	0	0	0	0	"BRD-K49075727"
"953"	0	1	1	0	0	0	0	"BRD-K49111258"
"954"	0	1	1	0	0	0	0	"BRD-K49111258"
"955"	0	1	1	0	0	0	0	"BRD-K49111258"
"956"	0	1	1	0	0	0	0	"BRD-K49111258"
"957"	1	1	1	1	1	1	0	"BRD-K49328571"
"958"	1	1	1	1	1	1	0	"BRD-K49328571"
"959"	1	1	1	1	1	1	0	"BRD-K49328571"
"960"	1	1	1	1	1	1	0	"BRD-K49328571"
"961"	1	1	1	1	1	1	0	"BRD-K49328571"
"962"	1	1	1	1	1	1	0	"BRD-K49328571"
"963"	1	1	1	1	1	1	0	"BRD-K49328571"
"964"	1	1	1	1	1	1	0	"BRD-K49328571"
"969"	0	0	0	0	0	0	0	"BRD-K49807096"
"970"	0	0	0	0	0	0	0	"BRD-K49807096"
"971"	0	0	0	0	0	0	0	"BRD-K49807096"
"972"	0	0	0	0	0	0	0	"BRD-K49807096"
"973"	1	1	1	0	1	0	0	"BRD-K50128260"
"974"	1	1	1	0	1	0	0	"BRD-K50128260"
"975"	1	1	1	0	1	0	0	"BRD-K50128260"
"976"	1	1	1	0	1	0	0	"BRD-K50128260"
"977"	1	1	1	0	1	0	0	"BRD-K50128260"
"978"	0	1	0	0	1	0	0	"BRD-K50388907"
"979"	0	1	0	0	1	0	0	"BRD-K50388907"
"980"	0	1	0	0	1	0	0	"BRD-K50388907"
"981"	0	1	0	0	1	0	0	"BRD-K50388907"
"982"	0	0	0	0	0	0	0	"BRD-K50398167"
"983"	0	0	0	0	0	0	0	"BRD-K50398167"
"984"	0	0	0	0	0	0	0	"BRD-K50398167"
"985"	1	1	1	0	1	0	1	"BRD-K50938287"
"986"	1	1	1	0	1	0	1	"BRD-K50938287"
"993"	0	0	0	0	0	0	0	"BRD-K51465424"
"994"	0	0	0	0	0	0	0	"BRD-K51465424"
"995"	0	0	0	0	0	0	0	"BRD-K51465424"
"996"	0	0	0	0	0	0	0	"BRD-K51465424"
"997"	0	1	1	0	1	0	0	"BRD-K51485625"
"998"	0	1	1	0	1	0	0	"BRD-K51485625"
"999"	0	1	1	0	1	0	0	"BRD-K51485625"
"1000"	0	1	1	0	1	0	0	"BRD-K51485625"
"1001"	1	1	0	0	0	0	0	"BRD-K52020312"
"1002"	1	1	0	0	0	0	0	"BRD-K52020312"
"1003"	1	1	0	0	0	0	0	"BRD-K52020312"
"1004"	1	1	0	0	0	0	0	"BRD-K52020312"
"1005"	0	1	1	0	0	0	0	"BRD-K52662033"
"1006"	0	1	1	0	0	0	0	"BRD-K52662033"
"1007"	0	1	1	0	0	0	0	"BRD-K52662033"
"1008"	0	0	1	0	0	0	0	"BRD-K52827117"
"1009"	0	0	1	0	0	0	0	"BRD-K52827117"
"1010"	0	1	1	1	1	0	0	"BRD-K52989797"
"1011"	0	1	1	1	1	0	0	"BRD-K52989797"
"1012"	0	1	1	1	1	0	0	"BRD-K52989797"
"1013"	0	1	1	1	1	0	0	"BRD-K52989797"
"1014"	0	0	1	0	0	0	1	"BRD-K53737926"
"1015"	0	0	1	0	0	0	1	"BRD-K53737926"
"1016"	0	0	1	0	0	0	1	"BRD-K53737926"
"1017"	0	0	1	0	0	0	1	"BRD-K53737926"
"1018"	1	1	1	1	1	0	1	"BRD-K53857191"
"1019"	1	1	1	1	1	0	1	"BRD-K53857191"
"1020"	1	1	1	1	1	0	1	"BRD-K53857191"
"1021"	1	1	1	1	1	0	1	"BRD-K53857191"
"1032"	0	1	0	0	0	0	0	"BRD-K54529596"
"1033"	0	1	0	0	0	0	0	"BRD-K54529596"
"1034"	0	1	0	0	0	0	0	"BRD-K54529596"
"1035"	0	0	0	0	0	0	0	"BRD-K54759182"
"1038"	0	0	0	0	0	0	0	"BRD-K55034111"
"1039"	0	0	0	0	0	0	0	"BRD-K55034111"
"1040"	0	0	0	0	0	0	0	"BRD-K55034111"
"1041"	0	0	0	0	0	0	0	"BRD-K55034111"
"1044"	0	0	0	0	0	0	0	"BRD-K55106630"
"1045"	0	0	0	0	0	0	0	"BRD-K55106630"
"1046"	0	0	0	0	0	0	0	"BRD-K55127134"
"1047"	0	0	0	0	0	0	0	"BRD-K55127134"
"1048"	0	0	0	0	0	0	0	"BRD-K55127134"
"1049"	0	0	0	0	0	0	0	"BRD-K55127134"
"1050"	0	0	0	0	0	0	0	"BRD-K55127134"
"1051"	0	0	0	0	0	0	0	"BRD-K55127134"
"1052"	0	0	0	0	0	0	0	"BRD-K55127134"
"1053"	0	0	0	0	0	0	0	"BRD-K55127134"
"1054"	0	0	0	0	0	0	0	"BRD-K55191674"
"1055"	0	0	0	0	0	0	0	"BRD-K55191674"
"1061"	1	1	0	0	0	0	0	"BRD-K56343971"
"1062"	1	1	0	0	0	0	0	"BRD-K56343971"
"1063"	1	1	0	0	0	0	0	"BRD-K56343971"
"1064"	1	1	0	0	0	0	0	"BRD-K56343971"
"1065"	1	1	0	0	0	0	0	"BRD-K56343971"
"1066"	1	1	0	0	0	0	0	"BRD-K56343971"
"1067"	0	0	0	0	0	0	0	"BRD-K56515112"
"1068"	0	0	0	0	0	0	0	"BRD-K56515112"
"1069"	0	0	0	0	0	0	0	"BRD-K57033106"
"1070"	0	0	0	0	0	0	0	"BRD-K57033106"
"1071"	0	0	0	0	0	0	0	"BRD-K57033106"
"1076"	0	1	1	0	1	0	0	"BRD-K57569181"
"1077"	0	1	1	0	1	0	0	"BRD-K57569181"
"1078"	0	1	1	0	1	0	0	"BRD-K57569181"
"1079"	0	1	1	0	1	0	0	"BRD-K57569181"
"1080"	0	1	1	0	1	0	0	"BRD-K57569181"
"1081"	0	1	1	0	1	0	0	"BRD-K57569181"
"1082"	0	1	1	0	1	0	0	"BRD-K57569181"
"1083"	0	1	1	0	1	0	0	"BRD-K57569181"
"1084"	0	1	1	0	1	0	0	"BRD-K57569181"
"1085"	0	1	1	0	1	0	0	"BRD-K57569181"
"1086"	0	1	1	0	1	0	0	"BRD-K57569181"
"1087"	0	1	1	0	1	0	0	"BRD-K57569181"
"1088"	0	0	0	0	0	0	0	"BRD-K59037100"
"1089"	0	0	0	0	0	0	0	"BRD-K59037100"
"1090"	0	0	0	0	0	0	0	"BRD-K59037100"
"1091"	0	0	0	0	0	0	0	"BRD-K59037100"
"1092"	1	1	0	1	0	0	0	"BRD-K59197931"
"1093"	1	1	0	1	0	0	0	"BRD-K59197931"
"1094"	1	1	0	1	0	0	0	"BRD-K59197931"
"1095"	0	0	0	0	0	0	0	"BRD-K59632282"
"1096"	0	0	0	0	0	0	0	"BRD-K59632282"
"1097"	0	0	0	0	0	0	0	"BRD-K59632282"
"1098"	0	0	0	0	0	0	0	"BRD-K59632282"
"1099"	0	0	0	0	0	0	0	"BRD-K59753975"
"1100"	0	0	0	0	0	0	0	"BRD-K59753975"
"1101"	0	0	0	0	0	0	0	"BRD-K59753975"
"1102"	0	0	0	0	0	0	0	"BRD-K59753975"
"1103"	0	1	1	0	1	0	0	"BRD-K60038276"
"1104"	0	1	1	0	1	0	0	"BRD-K60038276"
"1105"	0	1	1	0	1	0	0	"BRD-K60038276"
"1106"	0	1	1	0	1	0	0	"BRD-K60038276"
"1111"	1	1	1	1	1	1	0	"BRD-K60770992"
"1112"	1	1	1	1	1	1	0	"BRD-K60770992"
"1113"	1	1	1	1	1	1	0	"BRD-K60770992"
"1114"	0	0	0	0	0	0	0	"BRD-K61250553"
"1115"	0	0	0	0	0	0	0	"BRD-K61250553"
"1116"	0	0	0	0	0	0	0	"BRD-K61250553"
"1117"	0	0	0	0	0	0	0	"BRD-K61250553"
"1118"	0	0	0	0	0	0	0	"BRD-K61496577"
"1119"	0	0	0	0	0	0	0	"BRD-K61496577"
"1120"	0	0	0	0	0	0	0	"BRD-K61496577"
"1121"	0	0	0	0	0	0	0	"BRD-K61496577"
"1122"	1	1	1	1	1	0	0	"BRD-K62200014"
"1123"	1	1	1	1	1	0	0	"BRD-K62200014"
"1124"	1	1	1	1	1	0	0	"BRD-K62200014"
"1125"	1	1	1	1	1	0	0	"BRD-K62200014"
"1126"	0	1	0	0	0	0	0	"BRD-K62310379"
"1127"	0	1	0	0	0	0	0	"BRD-K62310379"
"1128"	0	1	0	0	0	0	0	"BRD-K62310379"
"1129"	0	1	0	0	0	0	0	"BRD-K62310379"
"1137"	0	1	0	0	0	0	0	"BRD-K63504947"
"1138"	0	1	0	0	0	0	0	"BRD-K63504947"
"1143"	0	1	1	0	1	0	1	"BRD-K64994968"
"1144"	0	1	1	0	1	0	1	"BRD-K64994968"
"1145"	1	1	1	0	1	0	0	"BRD-K65146499"
"1146"	1	1	1	0	1	0	0	"BRD-K65146499"
"1147"	1	1	1	0	1	0	0	"BRD-K65146499"
"1148"	0	1	0	0	0	0	0	"BRD-K66175015"
"1149"	0	1	0	0	0	0	0	"BRD-K66175015"
"1153"	1	1	1	1	1	0	0	"BRD-K67017579"
"1154"	1	1	1	1	1	0	0	"BRD-K67017579"
"1155"	1	1	1	1	1	0	0	"BRD-K67017579"
"1156"	1	1	1	1	1	0	0	"BRD-K67017579"
"1161"	0	1	1	0	0	0	0	"BRD-K67783091"
"1162"	0	1	1	0	0	0	0	"BRD-K67783091"
"1163"	0	0	0	0	0	0	0	"BRD-K67977190"
"1164"	0	0	0	0	0	0	0	"BRD-K67977190"
"1165"	0	1	1	0	0	0	0	"BRD-K68507560"
"1166"	0	1	1	0	0	0	0	"BRD-K68507560"
"1167"	0	1	1	0	0	0	0	"BRD-K68507560"
"1168"	0	1	1	0	0	0	0	"BRD-K68507560"
"1169"	0	0	0	0	0	0	0	"BRD-K69650333"
"1170"	0	0	0	0	0	0	0	"BRD-K69650333"
"1171"	0	1	1	1	0	0	0	"BRD-K70330367"
"1172"	0	1	1	1	0	0	0	"BRD-K70330367"
"1173"	0	1	1	1	0	0	0	"BRD-K70330367"
"1174"	0	1	1	1	0	0	0	"BRD-K70330367"
"1175"	0	0	0	0	0	0	0	"BRD-K70578146"
"1176"	0	0	0	0	0	0	0	"BRD-K70578146"
"1177"	0	0	0	0	0	0	0	"BRD-K70578146"
"1182"	0	1	0	0	0	0	0	"BRD-K71289571"
"1183"	0	1	0	0	0	0	0	"BRD-K71289571"
"1184"	0	1	0	0	0	0	0	"BRD-K71289571"
"1194"	0	0	0	0	0	0	0	"BRD-K72029282"
"1195"	0	0	0	0	0	0	0	"BRD-K72029282"
"1196"	0	0	0	0	0	0	0	"BRD-K72029282"
"1197"	0	0	0	0	0	0	0	"BRD-K72029282"
"1198"	0	1	1	0	1	0	0	"BRD-K72166146"
"1199"	0	1	1	0	1	0	0	"BRD-K72166146"
"1200"	0	1	1	0	1	0	0	"BRD-K72166146"
"1201"	0	1	1	0	1	0	0	"BRD-K72166146"
"1202"	0	0	0	0	0	0	0	"BRD-K72222507"
"1203"	0	0	0	0	0	0	0	"BRD-K72222507"
"1204"	0	0	0	0	0	0	0	"BRD-K72222507"
"1205"	0	0	0	0	0	0	0	"BRD-K72259270"
"1206"	0	0	0	0	0	0	0	"BRD-K72259270"
"1215"	0	0	0	0	0	0	0	"BRD-K73109821"
"1216"	0	0	0	0	0	0	0	"BRD-K73109821"
"1217"	0	0	0	0	0	0	0	"BRD-K73109821"
"1218"	0	0	0	0	0	0	0	"BRD-K73109821"
"1219"	1	1	1	1	1	0	0	"BRD-K73999723"
"1220"	1	1	1	1	1	0	0	"BRD-K73999723"
"1221"	1	1	1	1	1	0	0	"BRD-K73999723"
"1222"	1	1	1	1	1	0	0	"BRD-K73999723"
"1223"	1	1	0	0	1	0	0	"BRD-K74913225"
"1224"	1	1	0	0	1	0	0	"BRD-K74913225"
"1225"	1	1	0	0	1	0	0	"BRD-K74913225"
"1226"	1	1	0	0	1	0	0	"BRD-K74913225"
"1227"	0	0	0	0	0	0	0	"BRD-K75089421"
"1228"	0	0	0	0	0	0	0	"BRD-K75089421"
"1229"	0	0	0	0	0	0	0	"BRD-K75089421"
"1230"	0	0	0	0	0	0	0	"BRD-K75089421"
"1233"	0	1	1	1	0	0	0	"BRD-K75641298"
"1234"	0	1	1	1	0	0	0	"BRD-K75641298"
"1235"	0	1	1	1	0	0	0	"BRD-K75641298"
"1236"	0	1	1	1	0	0	0	"BRD-K75641298"
"1237"	0	1	1	0	1	0	0	"BRD-K76205745"
"1238"	0	1	1	0	1	0	0	"BRD-K76205745"
"1239"	0	1	1	0	1	0	0	"BRD-K76205745"
"1240"	0	1	1	0	1	0	0	"BRD-K76205745"
"1241"	0	1	1	0	1	0	0	"BRD-K76205745"
"1242"	0	1	1	0	1	0	0	"BRD-K76205745"
"1278"	0	1	1	0	0	0	0	"BRD-K76723084"
"1279"	0	1	1	0	0	0	0	"BRD-K76723084"
"1280"	0	1	1	0	0	0	0	"BRD-K76723084"
"1281"	0	0	0	0	0	0	0	"BRD-K76810206"
"1282"	0	0	0	0	0	0	0	"BRD-K76810206"
"1283"	0	0	0	0	0	0	0	"BRD-K77175907"
"1284"	0	0	0	0	0	0	0	"BRD-K77175907"
"1285"	0	0	0	0	0	0	0	"BRD-K77175907"
"1286"	0	0	0	0	0	0	0	"BRD-K77175907"
"1287"	0	1	0	0	0	0	0	"BRD-K77554836"
"1288"	0	1	0	0	0	0	0	"BRD-K77554836"
"1289"	0	1	0	0	0	0	0	"BRD-K77554836"
"1290"	0	1	0	0	0	0	0	"BRD-K77554836"
"1295"	0	0	0	0	0	0	0	"BRD-K77685957"
"1296"	0	0	0	0	0	0	0	"BRD-K77685957"
"1297"	0	1	0	0	0	0	0	"BRD-K77771411"
"1298"	0	1	0	0	0	0	0	"BRD-K77771411"
"1299"	0	0	0	0	0	0	0	"BRD-K77947974"
"1300"	0	0	0	0	0	0	0	"BRD-K77947974"
"1301"	0	0	0	0	0	0	0	"BRD-K77947974"
"1302"	0	0	0	0	0	0	0	"BRD-K77947974"
"1303"	0	0	0	0	0	0	0	"BRD-K77947974"
"1304"	0	0	0	0	0	0	0	"BRD-K77947974"
"1305"	0	0	0	0	0	0	0	"BRD-K77947974"
"1306"	0	0	0	0	0	0	0	"BRD-K77947974"
"1307"	0	0	0	0	0	0	0	"BRD-K77987382"
"1308"	0	0	0	0	0	0	0	"BRD-K77987382"
"1309"	0	0	0	0	0	0	0	"BRD-K77987382"
"1310"	0	0	0	0	0	0	0	"BRD-K77987382"
"1311"	0	0	0	0	0	0	0	"BRD-K77987382"
"1312"	0	0	0	0	0	0	0	"BRD-K77987382"
"1313"	0	0	0	0	0	0	0	"BRD-K77987382"
"1314"	0	0	0	0	0	0	0	"BRD-K77987382"
"1315"	0	0	0	0	0	0	0	"BRD-K77987382"
"1328"	0	1	0	0	1	0	0	"BRD-K78692225"
"1329"	0	1	0	0	1	0	0	"BRD-K78692225"
"1330"	0	1	0	0	1	0	0	"BRD-K78692225"
"1331"	0	0	0	0	0	0	0	"BRD-K79116891"
"1332"	0	0	0	0	0	0	0	"BRD-K79116891"
"1333"	0	0	0	0	0	0	0	"BRD-K79116891"
"1334"	0	0	0	0	0	0	0	"BRD-K79116891"
"1335"	0	1	0	0	0	0	0	"BRD-K79131256"
"1336"	0	1	0	0	0	0	0	"BRD-K79131256"
"1337"	0	1	0	0	0	0	0	"BRD-K79131256"
"1338"	0	1	0	0	0	0	0	"BRD-K79131256"
"1339"	0	1	0	0	0	0	0	"BRD-K79131256"
"1340"	0	1	0	0	0	0	0	"BRD-K79131256"
"1341"	0	1	0	0	0	0	0	"BRD-K79131256"
"1342"	0	1	0	0	0	0	0	"BRD-K79131256"
"1343"	0	1	0	0	0	0	0	"BRD-K79131256"
"1344"	0	1	0	0	0	0	0	"BRD-K79131256"
"1348"	0	0	0	0	0	0	0	"BRD-K80396088"
"1349"	0	0	0	0	0	0	0	"BRD-K80396088"
"1350"	0	0	0	0	0	0	0	"BRD-K81272440"
"1351"	0	0	0	0	0	0	0	"BRD-K81272440"
"1352"	0	0	0	0	0	0	0	"BRD-K81272440"
"1353"	0	0	0	0	0	0	0	"BRD-K81272440"
"1354"	0	0	0	0	0	0	0	"BRD-K81839095"
"1355"	0	0	0	0	0	0	0	"BRD-K81839095"
"1356"	0	0	0	0	0	0	0	"BRD-K81839095"
"1357"	0	0	0	0	0	0	0	"BRD-K81839095"
"1358"	0	0	0	0	0	0	0	"BRD-K81839095"
"1359"	0	0	0	0	0	0	0	"BRD-K81839095"
"1360"	0	0	0	0	0	0	0	"BRD-K81839095"
"1361"	0	0	0	0	0	0	0	"BRD-K81839095"
"1367"	0	0	0	0	0	0	0	"BRD-K82255054"
"1368"	0	0	0	0	0	0	0	"BRD-K82255054"
"1369"	0	0	0	0	0	0	0	"BRD-K82255054"
"1370"	0	0	0	0	0	0	0	"BRD-K82255054"
"1371"	0	0	0	0	0	0	0	"BRD-K82562631"
"1372"	0	0	0	0	0	0	0	"BRD-K82562631"
"1373"	0	0	0	0	0	0	0	"BRD-K82562631"
"1374"	0	1	1	0	0	0	0	"BRD-K82795137"
"1375"	0	1	1	0	0	0	0	"BRD-K82795137"
"1376"	0	1	1	0	0	0	0	"BRD-K82795137"
"1377"	0	1	1	0	0	0	0	"BRD-K82795137"
"1378"	0	0	0	0	1	0	0	"BRD-K82846253"
"1379"	0	0	0	0	1	0	0	"BRD-K82846253"
"1380"	0	0	0	0	1	0	0	"BRD-K82846253"
"1381"	0	0	0	0	1	0	0	"BRD-K82846253"
"1382"	0	1	1	0	0	0	1	"BRD-K82941592"
"1383"	0	1	1	0	0	0	1	"BRD-K82941592"
"1384"	0	0	0	0	0	0	0	"BRD-K84175871"
"1385"	0	0	0	0	0	0	0	"BRD-K84175871"
"1386"	0	1	1	0	1	1	0	"BRD-K84937637"
"1387"	0	1	1	0	1	1	0	"BRD-K84937637"
"1388"	0	1	1	0	1	1	0	"BRD-K84937637"
"1389"	0	1	1	0	1	1	0	"BRD-K84937637"
"1390"	0	1	1	0	1	1	0	"BRD-K84937637"
"1391"	0	1	1	0	1	1	0	"BRD-K84937637"
"1392"	0	1	1	0	1	1	0	"BRD-K84937637"
"1393"	0	1	1	0	1	1	0	"BRD-K84937637"
"1394"	0	1	1	0	1	1	0	"BRD-K84937637"
"1395"	0	1	1	0	1	1	0	"BRD-K84937637"
"1396"	0	1	1	0	1	1	0	"BRD-K84937637"
"1397"	0	1	1	0	1	1	0	"BRD-K84937637"
"1398"	0	1	1	0	1	1	0	"BRD-K84937637"
"1399"	0	1	1	0	1	1	0	"BRD-K84937637"
"1400"	0	1	1	0	1	1	0	"BRD-K84937637"
"1401"	0	1	1	0	1	1	0	"BRD-K84937637"
"1402"	0	1	1	0	1	1	0	"BRD-K84937637"
"1405"	0	0	0	0	0	0	0	"BRD-K85119730"
"1406"	0	0	0	0	0	0	0	"BRD-K85119730"
"1407"	0	0	0	0	0	0	0	"BRD-K85119730"
"1408"	0	1	1	1	1	0	1	"BRD-K86301799"
"1409"	0	1	1	1	1	0	1	"BRD-K86301799"
"1410"	0	1	1	1	1	0	1	"BRD-K86301799"
"1411"	0	1	1	1	1	0	1	"BRD-K86301799"
"1419"	0	1	0	0	0	1	0	"BRD-K86882815"
"1420"	0	1	0	0	0	1	0	"BRD-K86882815"
"1421"	0	1	0	0	0	1	0	"BRD-K86882815"
"1422"	0	1	0	0	0	1	0	"BRD-K86882815"
"1423"	0	0	0	0	0	0	0	"BRD-K87024524"
"1424"	0	0	0	0	0	0	0	"BRD-K87024524"
"1425"	0	0	0	0	0	0	0	"BRD-K87024524"
"1426"	0	0	0	0	0	0	0	"BRD-K87024524"
"1432"	0	0	0	0	0	0	0	"BRD-K88429204"
"1433"	0	0	0	0	0	0	0	"BRD-K88429204"
"1434"	0	0	0	0	0	0	0	"BRD-K88429204"
"1435"	0	0	0	0	0	0	0	"BRD-K88429204"
"1436"	0	0	0	0	0	0	0	"BRD-K88560311"
"1437"	0	0	0	0	0	0	0	"BRD-K88560311"
"1438"	0	0	0	0	0	0	0	"BRD-K88560311"
"1439"	0	0	0	0	0	0	0	"BRD-K88560311"
"1440"	0	0	0	0	0	0	0	"BRD-K88682005"
"1441"	0	0	0	0	0	0	0	"BRD-K88682005"
"1442"	0	0	0	0	0	0	0	"BRD-K89055274"
"1443"	0	0	0	0	0	0	0	"BRD-K89055274"
"1444"	0	0	0	0	0	0	0	"BRD-K89055274"
"1445"	0	0	0	0	0	0	0	"BRD-K89055274"
"1446"	0	0	1	0	0	0	0	"BRD-K89152108"
"1447"	0	0	1	0	0	0	0	"BRD-K89152108"
"1452"	0	0	0	0	0	0	0	"BRD-K89375097"
"1453"	0	0	0	0	0	0	0	"BRD-K89375097"
"1454"	0	0	0	0	0	0	0	"BRD-K89732114"
"1455"	0	0	0	0	0	0	0	"BRD-K89732114"
"1456"	0	0	0	0	0	0	0	"BRD-K89839824"
"1457"	0	0	0	0	0	0	0	"BRD-K89839824"
"1458"	0	0	0	0	0	0	0	"BRD-K89839824"
"1459"	0	0	0	0	0	0	0	"BRD-K89839824"
"1467"	0	0	0	0	0	0	0	"BRD-K90553655"
"1468"	0	0	0	0	0	0	0	"BRD-K90553655"
"1469"	0	0	0	0	0	0	0	"BRD-K90553655"
"1470"	1	1	0	0	1	0	0	"BRD-K90699611"
"1471"	1	1	1	1	1	0	0	"BRD-K90789829"
"1472"	1	1	1	1	1	0	0	"BRD-K90789829"
"1473"	1	1	1	1	1	0	0	"BRD-K90789829"
"1474"	1	1	1	1	1	0	0	"BRD-K90789829"
"1475"	0	0	0	0	0	0	0	"BRD-K91263825"
"1476"	0	0	0	0	0	0	0	"BRD-K91263825"
"1477"	0	0	0	0	0	0	0	"BRD-K91263825"
"1478"	0	0	0	0	0	0	0	"BRD-K91263825"
"1527"	0	1	0	0	1	0	0	"BRD-K92731339"
"1528"	0	1	0	0	1	0	0	"BRD-K92731339"
"1529"	0	1	0	0	1	0	0	"BRD-K92731339"
"1530"	0	1	0	0	1	0	0	"BRD-K92731339"
"1531"	0	0	0	0	0	0	0	"BRD-K92778217"
"1532"	0	0	0	0	0	0	0	"BRD-K92778217"
"1533"	0	0	0	0	0	0	0	"BRD-K93332168"
"1534"	0	0	0	0	0	0	0	"BRD-K93332168"
"1535"	0	0	0	0	0	0	0	"BRD-K93332168"
"1536"	0	0	0	0	0	0	0	"BRD-K93332168"
"1537"	0	1	1	1	1	0	1	"BRD-K93461745"
"1538"	0	1	1	1	1	0	1	"BRD-K93461745"
"1539"	0	1	1	1	1	0	1	"BRD-K93461745"
"1540"	0	1	1	1	1	0	1	"BRD-K93461745"
"1543"	0	0	0	0	0	0	0	"BRD-K93754473"
"1544"	0	0	0	0	0	0	0	"BRD-K93754473"
"1545"	0	0	0	0	0	0	0	"BRD-K93754473"
"1546"	0	0	0	0	0	0	0	"BRD-K93754473"
"1547"	0	0	0	0	0	0	0	"BRD-K93754473"
"1548"	0	0	0	0	0	0	0	"BRD-K93754473"
"1549"	0	0	0	0	0	0	0	"BRD-K93754473"
"1550"	0	0	0	0	0	0	0	"BRD-K93754473"
"1551"	0	0	0	0	0	0	0	"BRD-K93754473"
"1552"	0	0	0	0	0	0	0	"BRD-K93754473"
"1553"	0	0	0	0	0	0	0	"BRD-K93754473"
"1554"	0	0	0	0	0	0	0	"BRD-K93754473"
"1555"	0	0	0	0	0	0	0	"BRD-K93754473"
"1556"	0	0	0	0	0	0	0	"BRD-K93754473"
"1557"	0	0	0	0	0	0	0	"BRD-K93754473"
"1558"	0	0	0	0	0	0	0	"BRD-K93754473"
"1559"	0	0	0	0	0	0	0	"BRD-K93754473"
"1560"	0	0	0	0	0	0	0	"BRD-K93754473"
"1561"	0	0	0	0	0	0	0	"BRD-K95237249"
"1562"	0	0	0	0	0	0	0	"BRD-K95237249"
"1563"	0	0	0	0	0	0	0	"BRD-K95237249"
"1564"	0	0	0	0	0	0	0	"BRD-K95237249"
"1565"	0	0	0	0	0	0	0	"BRD-K95763993"
"1566"	0	0	0	0	0	0	0	"BRD-K95763993"
"1567"	0	0	0	0	0	0	0	"BRD-K95763993"
"1568"	0	0	0	0	0	0	0	"BRD-K95763993"
"1576"	0	0	0	0	0	0	0	"BRD-K97045029"
"1577"	0	0	0	0	0	0	0	"BRD-K97158071"
"1578"	0	0	0	0	0	0	0	"BRD-K97158071"
"1579"	0	0	0	0	0	0	0	"BRD-K97158071"
"1580"	0	0	0	0	0	0	0	"BRD-K97158071"
"1585"	0	0	0	0	0	0	0	"BRD-K97564742"
"1586"	0	0	0	0	0	0	0	"BRD-K97564742"
"1587"	0	0	0	0	0	0	0	"BRD-K97564742"
"1588"	0	0	0	0	0	0	0	"BRD-K97564742"
"1589"	0	0	1	0	0	0	0	"BRD-K97799481"
"1590"	0	0	1	0	0	0	0	"BRD-K97799481"
"1591"	0	0	1	0	0	0	0	"BRD-K97799481"
"1592"	0	0	0	0	0	0	0	"BRD-K97810537"
"1593"	0	0	0	0	0	0	0	"BRD-K97810537"
"1594"	0	0	0	0	0	0	0	"BRD-K97810537"
"1595"	0	0	0	0	0	0	0	"BRD-K97810537"
"1598"	0	1	1	0	1	0	0	"BRD-K98530306"
"1599"	0	1	1	0	1	0	0	"BRD-K98530306"
"1600"	0	1	1	0	1	0	0	"BRD-K98530306"
"1601"	0	1	1	0	1	0	0	"BRD-K98530306"
"1605"	0	0	0	0	0	0	0	"BRD-K98769987"
"1606"	0	0	0	0	0	0	0	"BRD-K98769987"
"1607"	0	0	0	0	0	0	0	"BRD-K98769987"
"1608"	0	0	0	0	0	0	0	"BRD-K98769987"
"1609"	0	1	1	0	1	0	0	"BRD-K99107520"
"1610"	0	1	1	0	1	0	0	"BRD-K99107520"
"1611"	0	1	1	0	1	0	0	"BRD-K99107520"
"1612"	0	1	1	0	1	0	0	"BRD-K99107520"
